n=0

n=1
A_1 = {}.

n=2
A_1 = {1},
A_2 = {1}.

n=3
A_1 = {1,2},
A_2 = {1},
A_3 = {1,2}.

n=4
A_1 = {1,2,3,4},
A_2 = {1,5},
A_3 = {1,2},
A_4 = {1,3,4,5}.

n=5
A_1 = {1,2,3,4,5,6},
A_2 = {1,7,8,9},
A_3 = {2,3,7},
A_4 = {1,2,4,8},
A_5 = {1,3,5,6,7,9}.

n=6
A_1 = {1,2,3,4,5,6,7,8,9},
A_2 = {1,10,11,12,13,14,15},
A_3 = {2,3,10,16},
A_4 = {1,4,5,10},
A_5 = {2,3,4,6,11,12,13},
A_6 = {1,2,7,8,9,10,14,15,16}.

n=7
A_1 = {1,2,3,4,5,6,7,8,9,10,11,12},
A_2 = {1,13,14,15,16,17,18,19,20,21},
A_3 = {2,3,13,22,23,24},
A_4 = {4,5,6,13,14},
A_5 = {1,2,7,8,13,15},
A_6 = {2,3,4,9,10,14,16,17,18,22},
A_7 = {1,3,5,6,11,12,13,19,20,21,23,24}.

n=8
A_1 = {1,2,3,4,5,6,7,8,9,10,11,12,13,14},
A_2 = {1,15,16,17,18,19,20,21,22,23,24,25,26,27,28},
A_3 = {2,3,15,29,30,31,32,33,34,35,36},
A_4 = {4,5,6,16,17,29},
A_5 = {1,2,7,8,15,16},
A_6 = {1,3,4,5,9,18,19,20,30,31},
A_7 = {4,6,10,11,12,13,15,16,21,22,23,32,33,34},
A_8 = {2,3,5,6,7,8,14,17,24,25,26,27,28,29,35,36}.

n=9
A_1 = {1,2,3,4,5,6,7,8,9,10,11,12,13,14,15,16,17,18,19,20},
A_2 = {1,21,22,23,24,25,26,27,28,29,30,31,32,33,34,35,36,37},
A_3 = {2,3,21,38,39,40,41,42,43,44,45,46,47,48},
A_4 = {4,5,6,22,23,38,49,50},
A_5 = {1,7,8,9,24,25,38,39},
A_6 = {1,2,3,4,5,21,26,27},
A_7 = {2,10,11,12,13,14,22,23,28,29,30,38,39,40},
A_8 = {3,6,7,8,15,16,17,21,31,32,33,34,35,38,41,42,49,50},
A_9 = {1,4,5,6,9,18,19,20,22,23,24,25,36,37,43,44,45,46,47,48}.

n=10
A_1 = {1,2,3,4,5,6,7,8,9,10,11,12,13,14,15,16,17,18,19,20,21,22},
A_2 = {1,23,24,25,26,27,28,29,30,31,32,33,34,35,36,37,38,39,40,41,42,43,44,45},
A_3 = {2,3,23,46,47,48,49,50,51,52,53,54,55,56,57,58,59,60,61,62},
A_4 = {4,5,6,24,25,46,63,64,65,66,67,68,69,70},
A_5 = {7,8,9,10,26,27,28,47,48,63},
A_6 = {2,7,11,12,13,23,24,25,29,49},
A_7 = {1,3,4,8,9,14,29,30,31,32,46,50,51,64},
A_8 = {1,5,6,15,16,17,18,23,24,26,27,28,52,53,54,55,65},
A_9 = {3,7,8,10,11,12,19,20,26,33,34,35,36,37,38,56,57,58,59,60,66,67,68,69,70},
A_10 = {2,4,5,6,9,10,13,21,22,25,39,40,41,42,43,44,45,46,47,48,49,61,62,63}.

n=11
A_1 = {1,2,3,4,5,6,7,8,9,10,11,12,13,14,15,16,17,18,19,20,21,22,23,24,25,26,27,28,29},
A_2 = {1,30,31,32,33,34,35,36,37,38,39,40,41,42,43,44,45,46,47,48,49,50,51,52,53,54,55,56},
A_3 = {2,3,30,57,58,59,60,61,62,63,64,65,66,67,68,69,70,71,72,73,74,75,76,77},
A_4 = {4,5,6,31,32,57,78,79,80,81,82,83,84,85,86,87,88,89,90},
A_5 = {7,8,9,10,33,34,35,58,59,78,91},
A_6 = {7,11,12,13,14,36,37,38,39,60,61,62,79,80},
A_7 = {1,2,3,7,15,16,30,31,32,33,57},
A_8 = {4,5,6,8,9,11,12,31,40,41,42,43,44,58,63,64,65,66},
A_9 = {1,8,10,13,14,15,17,18,34,35,45,46,47,48,67,68,69,70,71,72,79,81,82,83,84},
A_10 = {2,3,4,9,10,19,20,21,22,49,50,51,52,53,54,55,56,57,59,60,61,62,78,80,85,86,91},
A_11 = {5,6,7,23,24,25,26,27,28,29,30,32,33,34,35,36,37,38,39,58,59,73,74,75,76,77,87,88,89,90}.

n=12
A_1 = {1,2,3,4,5,6,7,8,9,10,11,12,13,14,15,16,17,18,19,20,21,22,23,24,25,26,27,28,29,30,31,32,33,34,35,36,37,38},
A_2 = {1,39,40,41,42,43,44,45,46,47,48,49,50,51,52,53,54,55,56,57,58,59,60,61,62,63,64,65,66,67,68,69,70},
A_3 = {2,3,39,71,72,73,74,75,76,77,78,79,80,81,82,83,84,85,86,87,88,89,90,91,92,93,94,95},
A_4 = {4,5,6,40,41,71,96,97,98,99,100,101,102,103,104,105,106,107,108,109,110,111,112,113},
A_5 = {7,8,9,10,42,43,44,72,73,96,114,115,116,117,118,119,120},
A_6 = {11,12,13,14,15,45,46,47,48,74,75,76,97,98,114},
A_7 = {1,4,7,8,16,17,40,45,49,50,77,78,79,80,99},
A_8 = {1,2,3,9,18,19,20,39,41,42,46,47,71,72,100,101},
A_9 = {10,11,16,17,21,22,23,24,39,43,44,48,51,52,53,73,74,81,82,83,102,103,104,105,106},
A_10 = {2,3,5,6,10,12,13,14,15,54,55,56,57,58,59,60,61,77,78,79,84,85,96,107,108,109,115,116,117},
A_11 = {7,8,9,25,26,27,28,29,30,31,45,62,63,64,65,66,67,68,69,71,72,73,74,75,76,80,86,96,97,110,111,112,113},
A_12 = {4,5,6,11,32,33,34,35,36,37,38,40,41,42,43,44,46,47,49,50,70,87,88,89,90,91,92,93,94,95,97,98,99,114,118,119,120}.

n=13
A_1 = {1,2,3,4,5,6,7,8,9,10,11,12,13,14,15,16,17,18,19,20,21,22,23,24,25,26,27,28,29,30,31,32,33,34,35,36,37,38,39,40,41,42},
A_2 = {1,43,44,45,46,47,48,49,50,51,52,53,54,55,56,57,58,59,60,61,62,63,64,65,66,67,68,69,70,71,72,73,74,75,76,77,78,79,80,81,82},
A_3 = {2,3,43,83,84,85,86,87,88,89,90,91,92,93,94,95,96,97,98,99,100,101,102,103,104,105,106,107,108,109,110,111,112,113,114,115},
A_4 = {4,5,6,44,45,83,116,117,118,119,120,121,122,123,124,125,126,127,128,129,130,131,132,133,134,135,136,137,138},
A_5 = {7,8,9,10,46,47,48,84,85,116,139,140,141,142,143,144,145,146,147,148,149,150},
A_6 = {11,12,13,14,15,49,50,51,52,86,87,88,117,118,139},
A_7 = {11,16,17,18,19,20,53,54,55,56,57,89,90,91,92,119,120,121,140,141},
A_8 = {1,2,3,4,5,11,21,43,44,46,47,49,84,93,122},
A_9 = {6,7,8,9,12,13,14,22,45,58,59,60,61,62,63,83,85,93,94,95,96,119,120},
A_10 = {23,24,25,26,27,28,29,30,31,44,48,50,51,53,64,65,66,83,84,86,97,98,99,100,116,117,123,124,140,141},
A_11 = {2,3,15,32,33,34,35,36,37,38,43,45,54,55,56,57,67,68,69,85,87,88,101,102,116,118,125,126,127,128,139,142,143,144},
A_12 = {4,5,10,12,13,14,21,39,40,41,42,70,71,72,73,74,75,76,77,78,79,86,89,90,91,92,103,104,105,106,117,118,121,122,129,130,145,146,147,148,149,150},
A_13 = {1,6,7,8,9,10,11,16,17,18,19,20,46,47,48,49,50,51,52,80,81,82,87,107,108,109,110,111,112,113,114,115,131,132,133,134,135,136,137,138,139}.

n=14
A_1 = {1,2,3,4,5,6,7,8,9,10,11,12,13,14,15,16,17,18,19,20,21,22,23,24,25,26,27,28,29,30,31,32,33,34,35,36,37,38,39,40,41,42,43,44,45,46,47,48,49,50,51},
A_2 = {1,52,53,54,55,56,57,58,59,60,61,62,63,64,65,66,67,68,69,70,71,72,73,74,75,76,77,78,79,80,81,82,83,84,85,86,87,88,89,90,91,92,93,94},
A_3 = {2,3,52,95,96,97,98,99,100,101,102,103,104,105,106,107,108,109,110,111,112,113,114,115,116,117,118,119,120,121,122,123,124,125,126,127,128,129,130,131},
A_4 = {4,5,6,53,54,95,132,133,134,135,136,137,138,139,140,141,142,143,144,145,146,147,148,149,150,151,152,153,154,155,156,157,158,159,160,161,162,163,164},
A_5 = {7,8,9,10,55,56,57,96,97,132,165,166,167,168,169,170,171,172,173,174,175,176,177,178,179,180,181,182,183,184},
A_6 = {11,12,13,14,15,58,59,60,61,98,99,100,133,134,165,185,186,187,188,189},
A_7 = {16,17,18,19,20,21,62,63,64,65,66,101,102,103,104,135,136,137,166,167,185},
A_8 = {4,5,7,22,23,24,25,67,68,69,70,71,72,98,99,105,106,107,132,138,166},
A_9 = {1,2,6,8,9,10,26,27,52,53,58,59,60,73,95,96,101,102,138,139},
A_10 = {3,11,28,29,30,31,32,33,34,54,55,56,57,62,74,75,76,95,97,98,99,103,104,140,141,142,143,168,186},
A_11 = {1,12,13,35,36,37,38,39,40,41,52,62,63,67,68,69,77,78,108,109,110,111,112,113,114,133,134,135,136,144,145,146,165,169,170,171,172,173},
A_12 = {6,14,42,43,44,45,46,47,48,49,50,53,58,61,63,64,70,71,72,79,80,100,103,104,105,115,116,117,118,119,147,148,149,150,151,152,167,174,175,176,177,178,179,187,188},
A_13 = {3,8,12,13,15,16,17,22,23,24,25,51,54,59,60,61,65,81,82,83,84,85,86,97,101,120,121,122,123,124,125,126,153,154,155,156,157,158,159,160,166,180,181,182,183,184,185},
A_14 = {2,4,5,7,9,10,11,14,15,18,19,20,21,55,56,57,66,87,88,89,90,91,92,93,94,96,100,102,106,107,127,128,129,130,131,132,133,134,137,161,162,163,164,165,189}.

n=15
A_1 = {1,2,3,4,5,6,7,8,9,10,11,12,13,14,15,16,17,18,19,20,21,22,23,24,25,26,27,28,29,30,31,32,33,34,35,36,37,38,39,40,41,42,43,44,45,46,47,48,49,50,51,52,53,54},
A_2 = {1,55,56,57,58,59,60,61,62,63,64,65,66,67,68,69,70,71,72,73,74,75,76,77,78,79,80,81,82,83,84,85,86,87,88,89,90,91,92,93,94,95,96,97,98,99,100,101,102,103,104,105,106,107,108,109,110},
A_3 = {2,3,55,111,112,113,114,115,116,117,118,119,120,121,122,123,124,125,126,127,128,129,130,131,132,133,134,135,136,137,138,139,140,141,142,143,144,145,146,147,148,149,150,151,152,153,154,155,156},
A_4 = {4,5,6,56,57,111,157,158,159,160,161,162,163,164,165,166,167,168,169,170,171,172,173,174,175,176,177,178,179,180,181,182,183,184,185,186,187,188,189,190,191,192},
A_5 = {7,8,9,10,58,59,60,112,113,157,193,194,195,196,197,198,199,200,201,202,203,204,205,206,207,208,209,210,211,212,213,214,215,216,217,218,219,220},
A_6 = {11,12,13,14,15,61,62,63,64,114,115,116,158,159,193,221,222,223,224,225,226,227,228,229,230,231},
A_7 = {16,17,18,19,20,21,65,66,67,68,69,117,118,119,120,160,161,162,194,195,221},
A_8 = {7,22,23,24,25,26,27,70,71,72,73,74,75,114,121,122,123,124,160,163,164,165,196,197,222},
A_9 = {1,2,4,11,16,17,28,29,55,56,58,59,60,61,112,115,125,126,163,166,167},
A_10 = {3,5,7,8,9,10,12,18,19,55,62,63,64,76,77,78,79,111,113,121,127,128,161,168,169,170},
A_11 = {6,13,14,15,16,22,23,24,30,31,57,80,81,82,83,84,85,86,87,111,117,118,129,130,131,132,133,158,162,166,171,193,198,199,200,201,202},
A_12 = {3,11,20,32,33,34,35,36,37,38,39,70,88,89,90,91,92,93,94,95,96,112,113,114,116,119,134,135,136,159,167,172,173,174,175,176,177,193,194,195,196,197,221},
A_13 = {12,17,28,40,41,42,43,44,45,46,47,48,56,57,62,65,66,67,97,98,99,100,101,116,117,122,123,124,125,137,138,139,140,157,161,164,165,178,179,180,203,204,205,206,207,208,209,223,224,225,226},
A_14 = {2,4,6,8,9,10,21,49,50,51,52,53,54,58,59,60,63,68,69,71,72,73,74,75,102,118,119,120,141,142,143,144,145,146,147,157,158,159,160,181,182,183,184,210,211,227,228,229,230,231},
A_15 = {1,5,7,13,14,15,18,19,20,21,25,26,27,29,61,64,65,66,103,104,105,106,107,108,109,110,114,115,126,148,149,150,151,152,153,154,155,156,162,163,185,186,187,188,189,190,191,192,212,213,214,215,216,217,218,219,220,221,222}.

n=16
A_1 = {1,2,3,4,5,6,7,8,9,10,11,12,13,14,15,16,17,18,19,20,21,22,23,24,25,26,27,28,29,30,31,32,33,34,35,36,37,38,39,40,41,42,43,44,45,46,47,48,49,50,51,52,53,54,55,56,57,58,59,60,61,62},
A_2 = {1,63,64,65,66,67,68,69,70,71,72,73,74,75,76,77,78,79,80,81,82,83,84,85,86,87,88,89,90,91,92,93,94,95,96,97,98,99,100,101,102,103,104,105,106,107,108,109,110,111,112,113,114,115,116,117,118,119,120,121,122,123,124,125},
A_3 = {2,3,63,126,127,128,129,130,131,132,133,134,135,136,137,138,139,140,141,142,143,144,145,146,147,148,149,150,151,152,153,154,155,156,157,158,159,160,161,162,163,164,165,166,167,168,169,170,171,172,173,174,175,176,177,178,179},
A_4 = {4,5,6,64,65,126,180,181,182,183,184,185,186,187,188,189,190,191,192,193,194,195,196,197,198,199,200,201,202,203,204,205,206,207,208,209,210,211,212,213,214,215,216,217,218,219,220,221,222,223,224,225,226},
A_5 = {7,8,9,10,66,67,68,127,128,180,227,228,229,230,231,232,233,234,235,236,237,238,239,240,241,242,243,244,245,246,247,248,249,250,251,252,253,254,255,256,257,258,259},
A_6 = {11,12,13,14,15,69,70,71,72,129,130,131,181,182,227,260,261,262,263,264,265,266,267,268,269,270,271,272,273,274,275,276,277,278,279},
A_7 = {16,17,18,19,20,21,73,74,75,76,77,132,133,134,135,183,184,185,228,229,260,280},
A_8 = {22,23,24,25,26,27,28,78,79,80,81,82,83,136,137,138,139,140,186,187,188,189,230,231,232,261,262,280},
A_9 = {29,30,31,32,33,34,35,36,66,67,73,74,84,85,86,141,142,143,144,145,146,180,181,182,190,191,233,261},
A_10 = {1,2,3,4,5,7,11,12,16,63,64,65,68,75,76,84,126,127,128,129,186,230,263},
A_11 = {8,9,10,22,37,38,39,40,41,42,64,69,70,71,72,78,85,86,87,130,132,133,147,148,149,150,151,183,184,192,193,194,195,231,234,235},
A_12 = {13,14,15,17,18,19,43,44,45,46,47,77,78,88,89,90,91,92,93,94,95,126,141,152,153,154,155,156,157,158,181,185,196,197,198,199,200,227,230,232,236,237,238,239,261},
A_13 = {6,48,49,50,51,52,53,54,55,56,57,58,68,79,80,81,96,97,98,99,100,101,102,127,128,131,132,133,134,142,159,160,161,180,190,201,202,203,204,205,206,228,229,232,233,260,262,264,265,266,267},
A_14 = {1,8,9,10,20,21,23,24,25,29,30,31,59,65,66,67,75,76,77,82,83,103,104,105,162,163,164,165,166,167,168,169,170,171,172,207,208,209,210,211,212,213,214,215,227,228,240,241,268,269,270,271,272,273,274,280},
A_15 = {2,3,11,12,17,18,19,26,27,28,32,33,34,35,69,70,71,72,73,74,106,107,108,109,110,111,112,129,131,135,173,174,175,176,177,178,179,187,188,189,216,217,218,219,220,221,222,223,242,243,244,245,246,247,248,249,250,251,260,280},
A_16 = {4,5,6,7,13,14,15,16,20,21,22,36,60,61,62,63,113,114,115,116,117,118,119,120,121,122,123,124,125,130,134,135,136,137,138,139,140,143,144,145,146,182,183,184,185,186,191,224,225,226,229,231,252,253,254,255,256,257,258,259,275,276,277,278,279}.

n=17
A_1 = {1,2,3,4,5,6,7,8,9,10,11,12,13,14,15,16,17,18,19,20,21,22,23,24,25,26,27,28,29,30,31,32,33,34,35,36,37,38,39,40,41,42,43,44,45,46,47,48,49,50,51,52,53,54,55,56,57,58,59,60,61,62,63,64,65,66,67,68,69,70,71,72,73,74},
A_2 = {1,75,76,77,78,79,80,81,82,83,84,85,86,87,88,89,90,91,92,93,94,95,96,97,98,99,100,101,102,103,104,105,106,107,108,109,110,111,112,113,114,115,116,117,118,119,120,121,122,123,124,125,126,127,128,129,130,131,132,133,134,135,136,137,138,139,140,141,142},
A_3 = {2,3,75,143,144,145,146,147,148,149,150,151,152,153,154,155,156,157,158,159,160,161,162,163,164,165,166,167,168,169,170,171,172,173,174,175,176,177,178,179,180,181,182,183,184,185,186,187,188,189,190,191,192,193,194,195,196,197,198,199,200,201,202},
A_4 = {4,5,6,76,77,143,203,204,205,206,207,208,209,210,211,212,213,214,215,216,217,218,219,220,221,222,223,224,225,226,227,228,229,230,231,232,233,234,235,236,237,238,239,240,241,242,243,244,245,246,247,248,249,250,251,252,253,254,255,256},
A_5 = {7,8,9,10,78,79,80,144,145,203,257,258,259,260,261,262,263,264,265,266,267,268,269,270,271,272,273,274,275,276,277,278,279,280,281,282,283,284,285,286,287,288,289,290,291,292,293,294,295,296,297,298},
A_6 = {11,12,13,14,15,81,82,83,84,146,147,148,204,205,257,299,300,301,302,303,304,305,306,307,308,309,310,311,312,313,314,315,316,317,318,319,320,321,322,323,324,325,326,327},
A_7 = {16,17,18,19,20,21,85,86,87,88,89,149,150,151,152,206,207,208,258,259,299,328,329,330,331,332,333,334,335,336},
A_8 = {22,23,24,25,26,27,28,90,91,92,93,94,95,153,154,155,156,157,209,210,211,212,260,261,262,300,301,328},
A_9 = {1,29,30,31,32,33,34,35,75,90,96,97,98,99,158,159,160,161,162,213,214,215,216,217,263,264,265,266,302,303,304,329,330},
A_10 = {2,7,8,9,10,22,23,36,37,76,81,82,83,84,100,101,102,149,150,151,163,164,165,203,213,218,219,220},
A_11 = {3,4,16,17,18,38,39,40,41,42,75,78,79,80,85,91,92,96,100,143,144,145,146,147,148,204,205,221,222,223,260},
A_12 = {3,11,12,13,14,15,19,20,29,30,31,76,93,94,103,104,105,106,107,108,109,152,153,154,163,166,167,168,169,206,207,224,225,226,227,228,257,267,268,269,270,271,272},
A_13 = {1,5,6,21,32,33,34,43,44,45,46,47,77,86,87,88,89,91,92,93,101,102,164,170,171,172,173,174,175,176,177,178,229,230,231,232,233,234,273,274,275,276,277,278,279,280,300,305,306,307,308,309,310,328},
A_14 = {19,48,49,50,51,52,53,54,55,56,57,58,59,81,86,97,98,99,110,111,112,113,114,115,116,152,155,156,179,180,181,182,183,184,185,186,204,205,218,219,220,235,236,237,238,239,258,259,260,261,262,281,282,283,284,301,311,312,313,314,329,330},
A_15 = {4,7,16,17,18,20,24,35,36,37,60,61,62,63,87,88,94,117,118,119,120,121,122,123,124,125,126,153,157,158,165,187,188,189,190,191,192,193,194,203,208,209,210,211,214,215,216,217,240,258,285,286,287,288,289,290,291,315,316,317,318,319,320,321,322,323},
A_16 = {8,9,10,11,12,13,24,25,64,65,66,67,68,69,70,77,78,79,80,82,83,84,89,95,127,128,129,130,131,144,145,154,159,160,161,162,195,196,197,198,199,200,212,241,242,243,244,245,246,247,248,249,250,261,262,292,299,302,303,304,328,331,332,333,334,335,336},
A_17 = {1,2,5,6,14,15,21,22,23,26,27,28,71,72,73,74,75,85,90,132,133,134,135,136,137,138,139,140,141,142,143,146,147,148,149,150,151,155,156,157,201,202,206,207,208,213,251,252,253,254,255,256,257,259,263,264,265,266,293,294,295,296,297,298,299,324,325,326,327}.

n=18
A_1 = {1,2,3,4,5,6,7,8,9,10,11,12,13,14,15,16,17,18,19,20,21,22,23,24,25,26,27,28,29,30,31,32,33,34,35,36,37,38,39,40,41,42,43,44,45,46,47,48,49,50,51,52,53,54,55,56,57,58,59,60,61,62,63,64,65,66,67,68,69,70,71,72,73,74,75,76,77,78,79,80,81,82},
A_2 = {1,83,84,85,86,87,88,89,90,91,92,93,94,95,96,97,98,99,100,101,102,103,104,105,106,107,108,109,110,111,112,113,114,115,116,117,118,119,120,121,122,123,124,125,126,127,128,129,130,131,132,133,134,135,136,137,138,139,140,141,142,143,144,145,146,147,148,149,150,151,152,153,154,155,156,157,158,159,160,161,162},
A_3 = {2,3,83,163,164,165,166,167,168,169,170,171,172,173,174,175,176,177,178,179,180,181,182,183,184,185,186,187,188,189,190,191,192,193,194,195,196,197,198,199,200,201,202,203,204,205,206,207,208,209,210,211,212,213,214,215,216,217,218,219,220,221,222,223,224,225,226,227,228,229},
A_4 = {4,5,6,84,85,163,230,231,232,233,234,235,236,237,238,239,240,241,242,243,244,245,246,247,248,249,250,251,252,253,254,255,256,257,258,259,260,261,262,263,264,265,266,267,268,269,270,271,272,273,274,275,276,277,278,279,280,281,282,283,284,285,286,287,288,289,290,291},
A_5 = {7,8,9,10,86,87,88,164,165,230,292,293,294,295,296,297,298,299,300,301,302,303,304,305,306,307,308,309,310,311,312,313,314,315,316,317,318,319,320,321,322,323,324,325,326,327,328,329,330,331,332,333,334,335,336,337,338,339,340},
A_6 = {11,12,13,14,15,89,90,91,92,166,167,168,231,232,292,341,342,343,344,345,346,347,348,349,350,351,352,353,354,355,356,357,358,359,360,361,362,363,364,365,366,367,368,369,370,371,372,373,374,375,376,377,378,379},
A_7 = {16,17,18,19,20,21,93,94,95,96,97,169,170,171,172,233,234,235,293,294,341,380,381,382,383,384,385,386,387,388,389,390,391,392,393,394,395,396,397,398},
A_8 = {22,23,24,25,26,27,28,98,99,100,101,102,103,173,174,175,176,177,236,237,238,239,295,296,297,342,343,380},
A_9 = {22,29,30,31,32,33,34,35,104,105,106,107,108,109,110,178,179,180,181,182,183,240,241,242,243,244,298,299,300,301,344,345,346,381,382},
A_10 = {11,16,23,36,37,38,39,40,41,89,90,93,94,98,104,111,112,184,185,186,187,188,189,190,231,245,246,247,248,249,302,303,304,305,306},
A_11 = {4,5,6,7,8,9,12,16,17,18,83,84,85,86,91,92,95,113,114,164,165,166,167,173,174,178,236,240},
A_12 = {1,2,3,10,13,14,19,20,21,24,25,87,88,113,115,116,117,118,119,120,168,169,170,175,179,180,184,230,237,241,245,250,251,252,253,307,308,309,347,348,349},
A_13 = {7,8,19,22,42,43,44,45,46,47,48,49,121,122,123,124,125,126,127,128,129,130,131,163,171,172,176,181,185,186,187,191,192,232,233,234,238,239,254,255,256,293,298,310,311,312,313,342,344,350,351,352,353},
A_14 = {2,3,11,12,15,26,27,28,29,30,31,32,36,83,96,97,99,100,101,111,112,114,132,133,134,181,193,194,195,196,197,198,199,257,258,259,260,261,262,263,264,265,266,314,315,316,317,318,319,320,321,322,341,354,355,356,357,383,384,385,386},
A_15 = {1,50,51,52,53,54,55,56,57,58,59,60,61,62,87,95,99,135,136,137,138,139,140,141,142,143,171,172,173,174,179,182,200,201,202,203,204,205,235,236,242,243,244,246,247,248,267,268,269,294,295,296,299,302,303,323,324,325,358,359,360,361,362,363,364,365,366,380,387,388},
A_16 = {4,5,63,64,65,66,67,68,69,70,71,72,73,74,75,93,94,98,100,102,144,145,146,147,148,149,150,151,152,163,164,165,169,170,175,177,178,180,183,188,189,190,233,270,271,272,273,274,275,276,277,292,295,297,326,327,328,329,330,331,341,343,344,345,346,367,368,369,370,381,389,390},
A_17 = {6,13,15,17,18,20,21,22,23,33,34,37,38,76,77,78,89,90,91,92,96,101,103,104,105,153,154,155,156,157,158,166,168,206,207,208,209,210,211,212,213,214,215,216,217,231,232,235,237,238,239,278,279,280,281,282,283,297,300,301,332,333,334,335,336,337,338,339,340,371,380,382,391,392},
A_18 = {9,10,14,16,24,25,26,27,28,35,39,40,41,79,80,81,82,84,85,86,88,97,102,103,106,107,108,109,110,159,160,161,162,167,176,182,218,219,220,221,222,223,224,225,226,227,228,229,230,234,240,249,284,285,286,287,288,289,290,291,292,293,294,296,298,304,305,306,342,372,373,374,375,376,377,378,379,393,394,395,396,397,398}

n=19
A_1 = {1,2,3,4,5,6,7,8,9,10,11,12,13,14,15,16,17,18,19,20,21,22,23,24,25,26,27,28,29,30,31,32,33,34,35,36,37,38,39,40,41,42,43,44,45,46,47,48,49,50,51,52,53,54,55,56,57,58,59,60,61,62,63,64,65,66,67,68,69,70,71,72,73,74,75,76,77,78,79,80,81,82,83,84,85,86,87,88,89,90,91,92,93,94},
A_2 = {1,95,96,97,98,99,100,101,102,103,104,105,106,107,108,109,110,111,112,113,114,115,116,117,118,119,120,121,122,123,124,125,126,127,128,129,130,131,132,133,134,135,136,137,138,139,140,141,142,143,144,145,146,147,148,149,150,151,152,153,154,155,156,157,158,159,160,161,162,163,164,165,166,167,168,169,170,171,172,173,174,175,176,177,178,179},
A_3 = {2,3,95,180,181,182,183,184,185,186,187,188,189,190,191,192,193,194,195,196,197,198,199,200,201,202,203,204,205,206,207,208,209,210,211,212,213,214,215,216,217,218,219,220,221,222,223,224,225,226,227,228,229,230,231,232,233,234,235,236,237,238,239,240,241,242,243,244,245,246,247,248,249,250,251,252,253,254,255,256,257},
A_4 = {4,5,6,96,97,180,258,259,260,261,262,263,264,265,266,267,268,269,270,271,272,273,274,275,276,277,278,279,280,281,282,283,284,285,286,287,288,289,290,291,292,293,294,295,296,297,298,299,300,301,302,303,304,305,306,307,308,309,310,311,312,313,314,315,316,317,318,319,320,321,322,323,324,325,326,327,328,329,330},
A_5 = {7,8,9,10,98,99,100,181,182,258,331,332,333,334,335,336,337,338,339,340,341,342,343,344,345,346,347,348,349,350,351,352,353,354,355,356,357,358,359,360,361,362,363,364,365,366,367,368,369,370,371,372,373,374,375,376,377,378,379,380,381,382,383,384,385,386,387,388,389,390,391},
A_6 = {11,12,13,14,15,101,102,103,104,183,184,185,259,260,331,392,393,394,395,396,397,398,399,400,401,402,403,404,405,406,407,408,409,410,411,412,413,414,415,416,417,418,419,420,421,422,423,424,425,426,427,428,429,430,431,432,433},
A_7 = {16,17,18,19,20,21,105,106,107,108,109,186,187,188,189,261,262,263,332,333,392,434,435,436,437,438,439,440,441,442,443,444,445,446,447,448,449,450,451,452,453,454,455,456,457,458,459,460,461},
A_8 = {22,23,24,25,26,27,28,110,111,112,113,114,115,190,191,192,193,194,264,265,266,267,334,335,336,393,394,434,462,463,464,465,466,467,468},
A_9 = {29,30,31,32,33,34,35,36,116,117,118,119,120,121,122,195,196,197,198,199,200,268,269,270,271,272,337,338,339,340,395,396,397,435,436,462},
A_10 = {37,38,39,40,41,42,43,44,45,123,124,125,126,127,128,129,130,201,202,203,204,205,206,207,273,274,275,276,277,278,341,342,343,344,345,398,399,400,401,437,438,439,462,463},
A_11 = {2,4,5,6,11,22,23,24,29,30,98,131,132,133,134,135,136,137,138,181,186,208,209,210,211,212,258,261,273,279,331,332,333,402,403,404},
A_12 = {1,7,8,9,10,12,13,14,15,16,25,95,96,99,116,131,139,140,141,142,180,182,187,188,190,195,201,202,259,260,262,263,264,268,334},
A_13 = {3,7,17,18,19,20,21,31,46,47,48,49,97,100,101,117,143,144,145,146,147,148,149,181,183,184,185,189,191,192,196,213,258,265,266,267,280,281,282,283,337,341,342,343,405,406,407},
A_14 = {1,26,27,37,38,50,51,52,53,54,55,56,57,102,103,104,105,106,107,108,109,150,151,152,195,197,203,208,209,214,215,216,217,218,219,284,285,286,287,288,289,290,291,292,293,331,335,336,337,338,346,347,348,349,408,409,410,411,435,440,463,464},
A_15 = {22,23,28,32,58,59,60,61,62,63,64,65,66,67,96,97,100,105,110,111,112,123,132,133,153,154,155,182,187,193,198,199,204,205,206,207,220,221,222,269,270,294,295,296,297,298,299,300,350,351,352,353,354,355,356,357,392,395,412,413,414,415,416,417,418,441,442,443,444,445},
A_16 = {11,28,39,40,41,42,43,44,68,69,70,71,72,73,74,113,116,156,157,158,159,160,161,162,163,164,165,166,167,180,190,197,223,224,225,226,227,228,229,230,231,232,265,266,267,268,279,301,302,303,304,305,306,339,358,359,360,361,362,363,364,365,366,367,393,394,396,397,402,403,404,419,420,435,446,447,448,449,450,451,452,453},
A_17 = {12,33,34,35,36,75,76,77,78,79,80,81,82,83,84,85,99,102,103,104,113,114,115,134,135,136,137,168,169,170,171,183,191,192,193,194,196,200,233,234,235,236,237,238,239,262,263,307,308,309,310,311,312,313,314,315,316,317,332,333,334,340,368,369,370,371,372,373,374,392,398,399,400,401,421,436,437,438,439,454,465},
A_18 = {2,3,8,9,10,24,31,32,45,86,87,88,89,90,91,92,93,95,98,106,107,118,119,120,121,122,124,125,126,127,128,129,130,184,185,186,188,189,194,198,210,211,212,240,241,264,318,319,320,321,322,323,324,325,326,327,328,329,330,335,336,375,376,377,378,379,380,381,393,394,395,422,423,424,425,426,427,428,434,455,456,457,458,459,466,467},
A_19 = {4,5,6,13,14,15,16,17,18,19,20,21,25,26,27,29,30,94,101,108,109,110,111,112,114,115,138,172,173,174,175,176,177,178,179,242,243,244,245,246,247,248,249,250,251,252,253,254,255,256,257,259,260,261,269,271,272,273,274,275,276,277,278,338,339,344,345,382,383,384,385,386,387,388,389,390,391,396,397,429,430,431,432,433,434,460,461,462,468}.

n=20
A_1 = {1,2,3,4,5,6,7,8,9,10,11,12,13,14,15,16,17,18,19,20,21,22,23,24,25,26,27,28,29,30,31,32,33,34,35,36,37,38,39,40,41,42,43,44,45,46,47,48,49,50,51,52,53,54,55,56,57,58,59,60,61,62,63,64,65,66,67,68,69,70,71,72,73,74,75,76,77,78,79,80,81,82,83,84,85,86,87,88,89,90,91,92,93,94,95,96,97},
A_2 = {1,98,99,100,101,102,103,104,105,106,107,108,109,110,111,112,113,114,115,116,117,118,119,120,121,122,123,124,125,126,127,128,129,130,131,132,133,134,135,136,137,138,139,140,141,142,143,144,145,146,147,148,149,150,151,152,153,154,155,156,157,158,159,160,161,162,163,164,165,166,167,168,169,170,171,172,173,174,175,176,177,178,179,180,181,182,183,184,185,186,187,188,189,190,191},
A_3 = {2,3,98,192,193,194,195,196,197,198,199,200,201,202,203,204,205,206,207,208,209,210,211,212,213,214,215,216,217,218,219,220,221,222,223,224,225,226,227,228,229,230,231,232,233,234,235,236,237,238,239,240,241,242,243,244,245,246,247,248,249,250,251,252,253,254,255,256,257,258,259,260,261,262,263,264,265,266,267,268,269,270,271,272,273,274,275,276,277,278,279,280,281,282},
A_4 = {4,5,6,99,100,192,283,284,285,286,287,288,289,290,291,292,293,294,295,296,297,298,299,300,301,302,303,304,305,306,307,308,309,310,311,312,313,314,315,316,317,318,319,320,321,322,323,324,325,326,327,328,329,330,331,332,333,334,335,336,337,338,339,340,341,342,343,344,345,346,347,348,349,350,351,352,353,354,355,356,357,358,359,360,361},
A_5 = {7,8,9,10,101,102,103,193,194,283,362,363,364,365,366,367,368,369,370,371,372,373,374,375,376,377,378,379,380,381,382,383,384,385,386,387,388,389,390,391,392,393,394,395,396,397,398,399,400,401,402,403,404,405,406,407,408,409,410,411,412,413,414,415,416,417,418,419,420,421,422,423,424,425,426,427,428,429,430,431,432,433},
A_6 = {11,12,13,14,15,104,105,106,107,195,196,197,284,285,362,434,435,436,437,438,439,440,441,442,443,444,445,446,447,448,449,450,451,452,453,454,455,456,457,458,459,460,461,462,463,464,465,466,467,468,469,470,471,472,473,474,475,476,477,478,479,480,481,482,483,484,485,486,487},
A_7 = {16,17,18,19,20,21,108,109,110,111,112,198,199,200,201,286,287,288,363,364,434,488,489,490,491,492,493,494,495,496,497,498,499,500,501,502,503,504,505,506,507,508,509,510,511,512,513,514,515,516,517,518,519,520,521,522,523,524,525,526,527,528},
A_8 = {22,23,24,25,26,27,28,113,114,115,116,117,118,202,203,204,205,206,289,290,291,292,365,366,367,435,436,488,529,530,531,532,533,534,535,536,537,538,539,540,541,542,543,544,545,546,547},
A_9 = {29,30,31,32,33,34,35,36,119,120,121,122,123,124,125,207,208,209,210,211,212,293,294,295,296,297,368,369,370,371,437,438,439,489,490,529},
A_10 = {7,37,38,39,40,41,42,43,44,126,127,128,129,130,131,132,133,195,207,213,214,215,216,217,298,299,300,301,302,303,372,373,374,375,440,441,442,491,492,493,530,531},
A_11 = {16,17,45,46,47,48,49,50,51,52,104,119,134,135,136,137,138,139,140,192,193,198,202,203,218,219,220,293,304,305,306,307,308,372,376,377,378,379,443,444,445,446,488},
A_12 = {2,3,8,11,22,23,24,53,54,55,56,98,99,101,102,103,105,120,121,122,126,192,194,196,199,200,204,284,285,286,287,298,309,362,380,494},
A_13 = {1,4,5,9,10,12,13,14,15,29,30,45,99,100,104,106,107,113,114,127,128,129,201,208,209,221,222,223,224,225,226,227,283,288,289,290,291,363,381,382,383,384,495,496,497},
A_14 = {6,7,18,25,31,32,33,37,57,58,59,60,61,108,109,110,111,112,115,116,123,127,141,142,143,193,197,210,218,219,228,229,230,231,232,233,299,309,310,311,312,313,314,315,316,365,366,367,385,386,387,388,447,448,449,450,451,452,453,494},
A_15 = {4,5,6,16,17,19,20,21,26,27,28,34,35,36,101,119,144,145,146,147,148,149,150,151,152,153,154,195,213,234,235,236,237,238,239,240,241,242,243,286,287,304,317,318,319,320,321,373,389,390,391,392,393,394,395,396,434,437,438,454,455,456,457,458,530,531,532,533},
A_16 = {1,62,63,64,65,66,67,68,69,70,71,72,73,74,75,115,116,117,118,124,125,155,156,157,158,159,160,161,194,202,204,205,206,208,209,211,220,244,245,246,247,294,295,300,301,302,303,322,323,324,325,326,327,362,364,372,376,380,397,398,399,400,401,434,440,443,459,460,461,462,463,464,498,499,500,501,502,503,504},
A_17 = {18,22,23,24,26,27,29,30,76,77,78,79,80,81,82,83,162,163,164,165,166,167,168,169,170,171,172,173,174,175,176,199,200,201,203,207,210,211,212,214,215,248,249,250,251,283,299,305,306,307,308,328,329,330,331,332,333,334,402,403,404,405,406,407,408,409,410,411,412,435,436,465,466,467,468,469,470,471,472,473,488,489,490,491,492,493},
A_18 = {12,28,31,32,33,46,47,48,84,85,86,87,88,89,90,91,92,126,177,178,179,180,181,182,183,184,185,186,187,188,189,190,191,192,195,196,197,198,212,213,216,217,252,253,254,255,256,257,284,285,288,289,290,291,292,293,294,295,296,297,298,377,413,414,415,416,417,418,419,420,421,422,423,424,441,442,474,475,476,477,505,506,507,508,509,510,511,512,513,534,535,536,537,538},
A_19 = {7,8,19,20,21,38,39,40,49,50,51,52,53,93,94,95,96,97,102,103,104,106,107,113,114,117,118,120,121,122,123,130,131,132,133,258,259,260,261,262,263,264,265,266,267,268,269,270,271,272,273,292,335,336,337,338,339,340,341,342,343,344,345,346,347,348,363,364,365,366,367,368,369,370,371,373,435,436,439,444,445,446,478,479,480,481,514,515,516,517,518,519,520,529},
A_20 = {2,3,9,10,11,13,14,15,25,34,35,36,41,42,43,44,54,55,56,98,100,105,108,109,110,111,112,124,125,128,134,135,136,137,138,139,140,205,206,207,214,215,274,275,276,277,278,279,280,281,282,296,297,349,350,351,352,353,354,355,356,357,358,359,360,361,374,375,378,379,425,426,427,428,429,430,431,432,433,437,438,439,482,483,484,485,486,487,521,522,523,524,525,526,527,528,539,540,541,542,543,544,545,546,547}

n=21
A_1 = {1,2,3,4,5,6,7,8,9,10,11,12,13,14,15,16,17,18,19,20,21,22,23,24,25,26,27,28,29,30,31,32,33,34,35,36,37,38,39,40,41,42,43,44,45,46,47,48,49,50,51,52,53,54,55,56,57,58,59,60,61,62,63,64,65,66,67,68,69,70,71,72,73,74,75,76,77,78,79,80,81,82,83,84,85,86,87,88,89,90,91,92,93,94,95,96,97,98,99,100,101,102,103,104,105,106,107,108,109},
A_2 = {1,110,111,112,113,114,115,116,117,118,119,120,121,122,123,124,125,126,127,128,129,130,131,132,133,134,135,136,137,138,139,140,141,142,143,144,145,146,147,148,149,150,151,152,153,154,155,156,157,158,159,160,161,162,163,164,165,166,167,168,169,170,171,172,173,174,175,176,177,178,179,180,181,182,183,184,185,186,187,188,189,190,191,192,193,194,195,196,197,198,199,200,201,202,203,204,205,206,207,208,209,210,211,212,213,214,215,216,217,218},
A_3 = {2,3,110,219,220,221,222,223,224,225,226,227,228,229,230,231,232,233,234,235,236,237,238,239,240,241,242,243,244,245,246,247,248,249,250,251,252,253,254,255,256,257,258,259,260,261,262,263,264,265,266,267,268,269,270,271,272,273,274,275,276,277,278,279,280,281,282,283,284,285,286,287,288,289,290,291,292,293,294,295,296,297,298,299,300,301,302,303,304,305,306,307,308,309,310,311,312,313,314,315,316,317},
A_4 = {4,5,6,111,112,219,318,319,320,321,322,323,324,325,326,327,328,329,330,331,332,333,334,335,336,337,338,339,340,341,342,343,344,345,346,347,348,349,350,351,352,353,354,355,356,357,358,359,360,361,362,363,364,365,366,367,368,369,370,371,372,373,374,375,376,377,378,379,380,381,382,383,384,385,386,387,388,389,390,391,392,393,394,395,396,397,398,399,400,401,402,403,404,405,406,407},
A_5 = {7,8,9,10,113,114,115,220,221,318,408,409,410,411,412,413,414,415,416,417,418,419,420,421,422,423,424,425,426,427,428,429,430,431,432,433,434,435,436,437,438,439,440,441,442,443,444,445,446,447,448,449,450,451,452,453,454,455,456,457,458,459,460,461,462,463,464,465,466,467,468,469,470,471,472,473,474,475,476,477,478,479,480,481,482,483,484,485,486},
A_6 = {11,12,13,14,15,116,117,118,119,222,223,224,319,320,408,487,488,489,490,491,492,493,494,495,496,497,498,499,500,501,502,503,504,505,506,507,508,509,510,511,512,513,514,515,516,517,518,519,520,521,522,523,524,525,526,527,528,529,530,531,532,533,534,535,536,537,538,539,540,541,542,543,544,545,546,547,548,549,550},
A_7 = {16,17,18,19,20,21,120,121,122,123,124,225,226,227,228,321,322,323,409,410,487,551,552,553,554,555,556,557,558,559,560,561,562,563,564,565,566,567,568,569,570,571,572,573,574,575,576,577,578,579,580,581,582,583,584,585,586,587,588,589,590,591,592,593,594,595,596,597,598,599,600},
A_8 = {22,23,24,25,26,27,28,125,126,127,128,129,130,229,230,231,232,233,324,325,326,327,411,412,413,488,489,551,601,602,603,604,605,606,607,608,609,610,611,612,613,614,615,616,617,618,619,620,621,622,623,624,625,626,627,628},
A_9 = {29,30,31,32,33,34,35,36,131,132,133,134,135,136,137,234,235,236,237,238,239,328,329,330,331,332,414,415,416,417,490,491,492,552,553,601,629,630},
A_10 = {37,38,39,40,41,42,43,44,45,138,139,140,141,142,143,144,145,225,240,241,242,243,244,245,324,333,334,335,336,337,409,418,419,420,421,493,494,495,496,554,602,629},
A_11 = {1,2,11,16,22,46,47,48,49,50,116,131,138,146,147,148,149,150,246,247,248,249,250,251,252,319,338,339,340,341,342,343,410,411,412,422,423,424,497,498,552,555},
A_12 = {7,8,9,10,23,24,29,51,52,53,54,113,120,121,122,125,126,132,151,152,153,222,234,240,246,253,254,255,256,257,320,321,344,345,346,347,348,349,408,425,487,493,499},
A_13 = {2,3,4,5,6,12,13,14,17,30,37,55,110,111,114,115,117,118,127,128,129,130,133,219,220,221,223,229,235,258,318,322,323,333,408,410,418,553,556},
A_14 = {1,11,18,19,20,25,56,57,58,59,60,61,62,111,112,119,123,134,139,154,155,156,157,158,222,224,226,227,230,231,232,259,260,261,262,319,325,350,351,352,353,354,355,409,413,414,415,416,419,426,427,428,490,494,499},
A_15 = {15,16,21,22,26,27,28,31,38,39,40,41,51,63,123,151,159,160,161,162,163,164,165,166,167,168,169,228,233,236,237,240,263,264,265,266,267,268,269,318,322,328,356,357,358,359,360,361,362,363,411,422,429,430,431,432,433,434,435,491,492,500,501,502,503,504,505,551,557,558},
A_16 = {12,13,22,32,33,37,46,64,65,66,67,68,69,70,71,113,140,170,171,172,173,174,175,176,177,178,179,180,181,226,227,238,270,271,272,273,274,275,276,277,278,279,324,326,327,329,330,331,344,345,346,364,365,366,412,420,421,436,437,438,439,440,441,442,488,497,498,506,507,508,509,510,559,560,561,562,563,564,565,601,602},
A_17 = {15,23,25,34,72,73,74,75,76,77,78,79,80,81,82,83,116,131,132,135,136,141,182,183,184,185,186,187,188,189,190,219,241,247,248,253,254,280,281,282,283,284,285,286,287,325,332,333,334,367,368,369,370,371,372,373,374,410,411,418,419,425,443,444,445,446,447,448,449,511,512,513,514,515,516,517,518,519,566,567,568,569,570,571,572,573,574,601,603,604,605,606,629},
A_18 = {3,7,8,9,18,19,34,35,36,42,84,85,86,87,88,89,90,119,124,133,138,146,147,148,149,191,192,193,194,195,196,197,198,229,233,234,235,236,239,288,289,290,291,292,293,294,295,326,335,336,337,375,376,377,378,379,380,381,382,383,384,408,409,412,450,451,452,453,454,455,456,487,489,495,496,520,521,522,523,524,525,551,555,575,576,577,578,607,608,609,610,630},
A_19 = {1,16,29,31,32,35,43,44,45,47,91,92,93,94,95,96,97,98,114,115,120,121,122,125,137,139,141,150,199,200,201,202,203,204,220,221,222,224,225,237,238,249,250,296,297,298,299,300,301,302,321,323,328,334,338,385,386,387,388,389,390,391,392,393,394,420,457,458,459,460,461,462,463,464,465,494,526,527,528,529,530,531,532,533,534,535,552,553,579,580,581,611,612,613,614,615,616,617,618,619,620},
A_20 = {2,11,20,21,38,39,40,41,52,53,54,99,100,101,102,103,104,105,106,117,118,124,126,127,128,129,130,131,135,142,143,144,152,153,205,206,207,242,303,304,305,306,307,308,309,310,311,312,313,314,315,316,317,320,329,330,331,339,340,341,342,343,347,395,396,397,398,399,400,413,414,415,416,417,466,467,468,469,470,471,472,473,474,475,488,489,536,537,538,539,540,541,542,543,552,554,582,583,584,585,586,587,588,589,621,622,623,624,629},
A_21 = {4,5,6,10,14,17,24,26,27,28,30,33,36,42,48,49,50,107,108,109,110,112,116,134,136,137,140,145,208,209,210,211,212,213,214,215,216,217,218,223,225,228,230,231,232,239,241,243,244,245,246,251,252,255,256,257,319,324,327,332,348,349,401,402,403,404,405,406,407,417,421,423,424,476,477,478,479,480,481,482,483,484,485,486,490,491,492,493,544,545,546,547,548,549,550,590,591,592,593,594,595,596,597,598,599,600,625,626,627,628}.

n=22
A_1 = {1,2,3,4,5,6,7,8,9,10,11,12,13,14,15,16,17,18,19,20,21,22,23,24,25,26,27,28,29,30,31,32,33,34,35,36,37,38,39,40,41,42,43,44,45,46,47,48,49,50,51,52,53,54,55,56,57,58,59,60,61,62,63,64,65,66,67,68,69,70,71,72,73,74,75,76,77,78,79,80,81,82,83,84,85,86,87,88,89,90,91,92,93,94,95,96,97,98,99,100,101,102,103,104,105,106,107,108,109,110,111,112,113,114,115,116,117,118,119,120,121,122},
A_2 = {1,123,124,125,126,127,128,129,130,131,132,133,134,135,136,137,138,139,140,141,142,143,144,145,146,147,148,149,150,151,152,153,154,155,156,157,158,159,160,161,162,163,164,165,166,167,168,169,170,171,172,173,174,175,176,177,178,179,180,181,182,183,184,185,186,187,188,189,190,191,192,193,194,195,196,197,198,199,200,201,202,203,204,205,206,207,208,209,210,211,212,213,214,215,216,217,218,219,220,221,222,223,224,225,226,227,228,229,230,231,232,233,234,235,236},
A_3 = {2,3,123,237,238,239,240,241,242,243,244,245,246,247,248,249,250,251,252,253,254,255,256,257,258,259,260,261,262,263,264,265,266,267,268,269,270,271,272,273,274,275,276,277,278,279,280,281,282,283,284,285,286,287,288,289,290,291,292,293,294,295,296,297,298,299,300,301,302,303,304,305,306,307,308,309,310,311,312,313,314,315,316,317,318,319,320,321,322,323,324,325,326,327,328,329,330,331,332,333,334,335,336,337,338,339,340,341,342,343,344,345,346,347,348,349},
A_4 = {4,5,6,124,125,237,350,351,352,353,354,355,356,357,358,359,360,361,362,363,364,365,366,367,368,369,370,371,372,373,374,375,376,377,378,379,380,381,382,383,384,385,386,387,388,389,390,391,392,393,394,395,396,397,398,399,400,401,402,403,404,405,406,407,408,409,410,411,412,413,414,415,416,417,418,419,420,421,422,423,424,425,426,427,428,429,430,431,432,433,434,435,436,437,438,439,440,441,442,443,444,445,446,447,448,449,450},
A_5 = {7,8,9,10,126,127,128,238,239,350,451,452,453,454,455,456,457,458,459,460,461,462,463,464,465,466,467,468,469,470,471,472,473,474,475,476,477,478,479,480,481,482,483,484,485,486,487,488,489,490,491,492,493,494,495,496,497,498,499,500,501,502,503,504,505,506,507,508,509,510,511,512,513,514,515,516,517,518,519,520,521,522,523,524,525,526,527,528,529,530,531,532,533,534,535,536,537,538,539,540,541},
A_6 = {11,12,13,14,15,129,130,131,132,240,241,242,351,352,451,542,543,544,545,546,547,548,549,550,551,552,553,554,555,556,557,558,559,560,561,562,563,564,565,566,567,568,569,570,571,572,573,574,575,576,577,578,579,580,581,582,583,584,585,586,587,588,589,590,591,592,593,594,595,596,597,598,599,600,601,602,603,604,605,606,607,608,609,610,611,612,613,614,615},
A_7 = {16,17,18,19,20,21,133,134,135,136,137,243,244,245,246,353,354,355,452,453,542,616,617,618,619,620,621,622,623,624,625,626,627,628,629,630,631,632,633,634,635,636,637,638,639,640,641,642,643,644,645,646,647,648,649,650,651,652,653,654,655,656,657,658,659,660,661,662,663,664,665,666,667,668,669,670,671,672,673},
A_8 = {22,23,24,25,26,27,28,138,139,140,141,142,143,247,248,249,250,251,356,357,358,359,454,455,456,543,544,616,674,675,676,677,678,679,680,681,682,683,684,685,686,687,688,689,690,691,692,693,694,695,696,697,698,699,700,701,702,703,704,705,706,707,708,709,710,711,712,713},
A_9 = {29,30,31,32,33,34,35,36,144,145,146,147,148,149,150,252,253,254,255,256,257,360,361,362,363,364,457,458,459,460,545,546,547,617,618,674,714,715,716,717,718,719,720,721,722,723,724,725,726,727,728},
A_10 = {29,37,38,39,40,41,42,43,44,151,152,153,154,155,156,157,158,247,258,259,260,261,262,263,365,366,367,368,369,370,452,461,462,463,464,548,549,550,551,619,620,675},
A_11 = {16,45,46,47,48,49,50,51,52,53,138,139,140,159,160,161,162,163,164,252,264,265,266,267,268,269,270,371,372,373,374,375,376,377,465,466,467,468,469,470,552,553,554,555,556,619,621,622,714},
A_12 = {7,11,17,22,23,37,54,55,56,57,58,126,133,144,165,166,167,168,169,170,171,237,240,243,244,253,271,272,273,274,353,365,378,379,380,381,382,454,457,465,471,472,557,558,559,560,676},
A_13 = {2,3,8,9,12,18,30,31,38,45,59,60,123,124,125,127,129,134,135,151,172,173,174,237,241,245,246,248,275,276,351,352,356,357,360,361,455,473,474,475,476,548,552,616},
A_14 = {1,8,10,13,14,19,20,24,25,32,33,39,40,126,128,130,131,132,136,141,159,160,165,175,277,278,279,280,281,282,283,284,285,286,287,350,354,355,358,359,362,363,364,366,371,451,453,456,461,542,561},
A_15 = {4,5,16,21,34,35,41,42,45,46,61,62,63,64,123,133,137,142,143,145,146,152,176,177,178,179,180,238,239,243,244,249,250,251,288,289,290,291,372,383,384,385,386,387,388,389,390,458,462,477,478,479,480,481,482,542,543,562,563,564,565,566,567,568,620,674},
A_16 = {1,17,24,26,27,43,54,65,66,67,68,69,70,71,72,129,138,139,140,147,148,149,150,151,153,154,161,181,240,242,254,255,292,293,294,295,296,297,298,299,300,353,391,392,393,394,395,396,397,398,399,400,401,452,483,484,485,486,487,488,489,490,491,492,543,549,553,569,570,571,572,616,623,624,625,626,627,715},
A_17 = {2,3,15,16,18,19,22,28,32,36,55,59,73,74,75,76,144,182,183,184,185,186,187,188,189,190,191,192,193,194,195,252,258,259,260,261,271,301,302,303,304,305,306,354,373,402,403,404,405,406,407,408,409,410,411,412,493,494,495,496,497,498,499,500,501,502,503,504,550,553,554,557,573,574,575,576,577,578,617,618,619,628,629,630,674,675,677,678,679,680,681,716},
A_18 = {6,25,29,47,48,49,50,51,52,53,77,78,79,80,81,82,83,128,133,136,144,155,196,197,198,199,200,201,202,203,204,205,206,237,241,243,244,256,262,275,307,308,309,310,311,312,313,314,367,413,414,415,416,417,418,419,420,421,422,423,452,456,459,463,464,471,473,474,505,506,507,508,544,545,546,549,579,580,581,582,583,584,585,631,632,633,634,635,636,682,683,684,685,686,687,688,717,718,719},
A_19 = {7,9,10,12,15,26,27,29,33,39,40,46,56,57,58,84,85,86,126,142,143,156,207,208,209,210,211,212,213,214,215,216,217,218,219,242,253,263,264,265,266,267,268,269,270,315,316,317,318,319,320,360,361,368,369,370,424,425,426,427,428,429,430,431,432,433,454,455,458,460,475,509,510,511,512,513,547,550,586,587,588,589,590,591,592,593,637,638,639,640,641,642,643,644,645,646,647,648,689,690,691,692,693,720,721},
A_20 = {30,34,35,37,43,44,60,87,88,89,90,91,92,93,94,95,96,97,98,124,125,130,131,132,145,146,153,154,157,161,162,166,167,168,169,170,171,238,247,256,321,322,323,324,325,326,327,328,329,330,331,332,333,334,350,351,352,355,374,375,376,377,434,435,436,437,438,439,451,457,459,460,466,514,515,516,517,518,519,520,521,548,551,555,594,595,596,597,598,617,618,619,649,650,651,652,653,654,655,656,657,694,695,696,697,698,699,700,701,702,703,704},
A_21 = {4,5,8,13,14,17,23,38,41,99,100,101,102,103,104,105,106,107,108,109,127,134,137,147,148,149,150,156,158,163,164,220,221,222,223,224,225,226,227,239,245,246,257,258,259,260,261,262,272,273,274,276,335,336,337,338,339,358,359,362,372,378,379,380,381,440,441,442,443,444,445,446,461,467,468,469,470,476,522,523,524,525,526,527,528,544,545,547,551,556,599,600,601,602,603,604,605,606,621,622,658,659,660,661,662,663,664,705,706,707,708,709,710,711,712,713,722,723,724,725},
A_22 = {6,11,20,21,28,31,36,42,110,111,112,113,114,115,116,117,118,119,120,121,122,135,138,139,140,141,155,159,160,172,173,174,228,229,230,231,232,233,234,235,236,247,248,249,250,251,252,254,255,257,340,341,342,343,344,345,346,347,348,349,353,356,357,363,364,365,366,367,368,369,370,374,382,447,448,449,450,453,462,465,472,529,530,531,532,533,534,535,536,537,538,539,540,541,546,552,554,558,559,560,607,608,609,610,611,612,613,614,615,620,665,666,667,668,669,670,671,672,673,675,676,714,726,727,728}.

