A₁:  1  2  3  4  5  6  7  8                        
A₂:  1                       9 10 11 12 13 14 15   
A₃:     2  3                 9                   16
A₄:  1  2     4                10                  
A₅:  1     3     5  6        9    11               
A₆:     2  3  4        7  8          12 13 14 15 16

  
A₁:  1  2  3  4  5  6  7  8                        
A₂:  1                       9 10 11 12 13 14 15   
A₃:     2  3                 9                   16
A₄:  1  2     4                10                  
A₅:     2  3     5  6             11 12 13         
A₆:  1     3  4        7  8  9             14 15 16

  
A₁:  1  2  3  4  5  6  7  8                        
A₂:  1                       9 10 11 12 13 14 15   
A₃:     2  3                 9                   16
A₄:  1  2     4                10                  
A₅:  1     3     5  6             11 12          16
A₆:     2  3  4        7  8  9          13 14 15   

  
A₁:  1  2  3  4  5  6  7  8  9                     
A₂:  1                         10 11 12 13 14 15   
A₃:     2  3                   10                16
A₄:  1        4  5             10                  
A₅:  1  2  3        6             11 12            
A₆:     2     4        7  8  9 10       13 14 15 16

  
A₁:  1  2  3  4  5  6  7  8                        
A₂:  1                       9 10 11 12 13 14 15   
A₃:     2  3                 9                   16
A₄:  1  2     4                10                  
A₅:        3  4  5  6        9    11 12            
A₆:  1  2  3           7  8             13 14 15 16

  
A₁:  1  2  3  4  5  6  7  8  9                     
A₂:  1                         10 11 12 13 14 15   
A₃:     2  3                   10                16
A₄:  1  2     4                   11               
A₅:  1     3     5  6          10    12            
A₆:     2  3           7  8  9    11    13 14 15 16

  
A₁:  1  2  3  4  5  6  7  8                        
A₂:  1                       9 10 11 12 13 14 15   
A₃:     2  3                 9                   16
A₄:  1  2     4                10                  
A₅:        3  4  5  6             11 12 13       16
A₆:  1  2  3           7  8  9             14 15   

  
A₁:  1  2  3  4  5  6  7  8  9                     
A₂:  1                         10 11 12 13 14 15   
A₃:     2  3                   10                16
A₄:  1        4  5             10                  
A₅:     2           6  7  8    10 11 12            
A₆:  1  2  3  4              9          13 14 15 16

  
A₁:  1  2  3  4  5  6  7  8  9                     
A₂:  1                         10 11 12 13 14 15   
A₃:     2  3                   10                16
A₄:  1        4  5             10                  
A₅:     2  3  4     6             11 12 13         
A₆:  1  2              7  8  9 10          14 15 16

  
A₁:  1  2  3  4  5  6  7  8  9                     
A₂:  1                         10 11 12 13 14 15   
A₃:     2  3                   10                16
A₄:  1        4  5             10                  
A₅:  1  2           6  7          11 12          16
A₆:     2  3  4           8  9 10       13 14 15   

  
A₁:  1  2  3  4  5  6  7  8  9                     
A₂:  1                         10 11 12 13 14 15   
A₃:     2  3                   10                16
A₄:  1  2     4                   11               
A₅:        3     5  6  7       10 11 12            
A₆:  1  2  3              8  9          13 14 15 16

  
A₁:  1  2  3  4  5  6  7  8  9                     
A₂:  1                         10 11 12 13 14 15   
A₃:     2  3                   10                16
A₄:  1  2     4                   11               
A₅:        3  4  5  6          10    12 13         
A₆:  1  2              7  8  9 10          14 15 16

  
A₁:  1  2  3  4  5  6  7  8  9                     
A₂:  1                         10 11 12 13 14 15   
A₃:     2  3                   10                16
A₄:  1  2     4                   11               
A₅:  1           5  6  7       10    12          16
A₆:     2  3  4           8  9 10       13 14 15   

  
A₁:  1  2  3  4  5  6  7  8  9 10                  
A₂:  1                            11 12 13 14 15   
A₃:     2  3                      11             16
A₄:  1  2     4                      12            
A₅:  1     3     5  6             11    13         
A₆:     2              7  8  9 10 11 12    14 15 16

  
A₁:  1  2  3  4  5  6  7  8  9 10                  
A₂:  1                            11 12 13 14 15   
A₃:     2  3                      11             16
A₄:  1  2     4                      12            
A₅:  1           5  6  7          11    13       16
A₆:     2  3              8  9 10 11 12    14 15   
